      0/49     5.45G   0.09404   0.06571   0.01497    0.1747        19       320         0         0         0         0         0         0         0
      1/49     5.56G   0.07292   0.06043  0.006085    0.1394         7       320         0         0         0         0         0         0         0
      2/49     5.56G   0.06477   0.05591  0.004654    0.1253         5       320         0         0         0         0         0         0         0
      3/49     5.56G    0.0577   0.05346  0.003708    0.1149         9       320    0.3585     0.662    0.5631    0.2744   0.04308   0.04523  0.005372
      4/49      5.4G   0.05249   0.04963   0.00283    0.1049        26       320    0.2732    0.7997    0.6211    0.3161    0.0386     0.041  0.004013
      5/49      5.4G   0.04911   0.04748  0.002281   0.09887        16       320    0.3637    0.8115    0.7138    0.3898   0.03565   0.03988  0.003024
      6/49      5.4G   0.04794   0.04763  0.002175   0.09775        16       320    0.3193    0.8724    0.7314    0.3811   0.03411     0.038  0.002559
      7/49      5.4G   0.04563   0.04558  0.001816   0.09303        10       320    0.3341    0.8611    0.7543     0.412   0.03323   0.03761  0.002236
      8/49      5.4G   0.04444   0.04435  0.001649   0.09044        15       320    0.3693    0.9213    0.8353    0.4811   0.03023   0.03567  0.001864
      9/49      5.4G    0.0435   0.04313  0.001564    0.0882        10       320    0.3863    0.9009    0.8261    0.4781   0.03012   0.03477  0.001736
     10/49      5.4G   0.04243   0.04279   0.00145   0.08666        11       320    0.4019     0.922    0.8539    0.4898    0.0289   0.03444  0.001467
