      0/49     5.44G   0.09478   0.06658   0.01539    0.1768        19       320         0         0         0         0         0         0         0
      1/49     5.56G   0.07338   0.06119  0.006366    0.1409         7       320         0         0         0         0         0         0         0
      2/49     5.56G   0.06477   0.05654  0.004666     0.126         5       320         0         0         0         0         0         0         0
      3/49     5.56G   0.05742   0.05329   0.00361    0.1143         9       320    0.4556    0.6206    0.5914    0.3028   0.04202   0.04453  0.005265
      4/49      5.4G    0.0527   0.05003  0.002832    0.1056        26       320    0.2641    0.8273    0.6621    0.3203   0.03968   0.04124  0.003631
      5/49      5.4G    0.0493   0.04803  0.002251   0.09958        16       320    0.3392    0.7826     0.666    0.3734   0.03764   0.04171  0.003041
      6/49      5.4G   0.04725   0.04681  0.002067   0.09613        16       320    0.3053    0.8929    0.7632    0.4271   0.03349    0.0381  0.002713
      7/49      5.4G   0.04558   0.04552  0.001811   0.09291        10       320      0.39    0.8727    0.7766    0.4327   0.03277   0.03708  0.002176
      8/49      5.4G   0.04422   0.04414  0.001611   0.08997        15       320    0.3886    0.9059    0.8199    0.4535   0.03071   0.03581  0.001958
      9/49      5.4G   0.04381   0.04374  0.001628   0.08918        10       320    0.3893      0.88     0.788    0.4309   0.03047   0.03561  0.001883
     10/49      5.4G   0.04226   0.04287  0.001435   0.08657        11       320    0.4075    0.9402    0.8511    0.4924    0.0283   0.03388  0.001592
     11/49      5.4G   0.04143   0.04219  0.001291   0.08491         6       320    0.4208    0.9258     0.839    0.5035   0.02817   0.03376  0.001546
     12/49      5.4G   0.04075   0.04118  0.001335   0.08326        12       320    0.4239     0.945    0.8647    0.5125   0.02806   0.03347  0.001583
     13/49      5.4G   0.04053   0.04088  0.001287    0.0827        29       320    0.4593    0.9393    0.8794    0.5507   0.02673    0.0322  0.001384
     14/49      5.4G   0.03935   0.04006  0.001209   0.08062         4       320    0.4818    0.9468     0.898     0.557   0.02622   0.03141  0.001269
     15/49      5.4G   0.03896   0.03975  0.001137   0.07985        14       320    0.5066    0.9434    0.9088    0.6062   0.02554   0.03075  0.001266
     16/49      5.4G    0.0382   0.03917  0.001024   0.07839        29       320    0.5053    0.9519    0.9124    0.6177   0.02513   0.03058  0.001098
     17/49      5.4G   0.03774   0.03856  0.000976   0.07727        14       320    0.5179    0.9669    0.9368    0.6327   0.02432   0.02993  0.001014
     18/49      5.4G   0.03746   0.03864  0.001049   0.07714        12       320    0.5431     0.961    0.9418    0.6518   0.02409   0.02945  0.001022
     19/49      5.4G   0.03644   0.03775 0.0008727   0.07507        51       320    0.5723    0.9709    0.9507    0.6769   0.02368   0.02909   0.00101
     20/49      5.4G   0.03609   0.03723 0.0008509   0.07418        34       320     0.579     0.971    0.9581    0.6897   0.02318   0.02844 0.0008006
     21/49      5.4G   0.03578   0.03671 0.0007977   0.07329         7       320    0.5933    0.9718    0.9544    0.6818   0.02268    0.0282 0.0007299
     22/49      5.4G   0.03522   0.03687  0.000772   0.07286        18       320    0.5872    0.9716    0.9582     0.687   0.02244   0.02787 0.0006979
     23/49      5.4G     0.035   0.03646  0.000774   0.07224        10       320    0.6662    0.9703    0.9615    0.6916   0.02263   0.02764 0.0007552
     24/49      5.4G   0.03447   0.03604 0.0007313   0.07124        47       320    0.6244    0.9735    0.9623    0.7058   0.02169   0.02734 0.0005949
     25/49      5.4G   0.03426    0.0357  0.000698   0.07065        18       320    0.6104    0.9737    0.9628    0.6954   0.02195   0.02777 0.0006047
     26/49      5.4G   0.03369   0.03568 0.0006646   0.07003        17       320     0.672    0.9759    0.9659    0.7048   0.02137    0.0267 0.0005987
     27/49      5.4G   0.03313     0.035 0.0006472   0.06878        40       320     0.684    0.9758    0.9696    0.7104   0.02101   0.02651 0.0004992
     28/49      5.4G   0.03299   0.03432   0.00063   0.06794        38       320    0.6833    0.9801    0.9709    0.7162   0.02077   0.02632 0.0004873
     29/49      5.4G   0.03262   0.03401 0.0005934   0.06722         8       320    0.6746    0.9761    0.9676    0.7151   0.02076   0.02601 0.0005024
     30/49      5.4G   0.03236   0.03396 0.0005961   0.06691        27       320    0.6888    0.9767    0.9701    0.7248   0.02066   0.02577 0.0004552
     31/49      5.4G   0.03181   0.03339 0.0004884   0.06569         8       320    0.6855    0.9778    0.9718    0.7303   0.02019   0.02545 0.0004225
     32/49      5.4G   0.03154   0.03313 0.0005109   0.06519        18       320    0.7175    0.9781    0.9727    0.7354   0.01985   0.02502 0.0004089
     33/49      5.4G   0.03125   0.03353 0.0005283   0.06531        20       320    0.7126    0.9789    0.9736    0.7278   0.01987   0.02491 0.0004276
     34/49      5.4G    0.0309    0.0329 0.0004606   0.06426        24       320    0.7283    0.9809    0.9756     0.732   0.01968   0.02469  0.000358
     35/49      5.4G   0.03043   0.03243 0.0004678   0.06332         9       320    0.7393    0.9827    0.9761    0.7399   0.01944   0.02452 0.0003428
     36/49      5.4G   0.03013   0.03171 0.0004607    0.0623        18       320     0.753    0.9813     0.977    0.7564   0.01925   0.02414 0.0003452
     37/49      5.4G   0.02993   0.03167 0.0004181   0.06202        44       320    0.7504    0.9806    0.9766     0.755   0.01894   0.02397 0.0003489
     38/49      5.4G   0.02949   0.03129 0.0003873   0.06117        30       320    0.7569    0.9814    0.9768    0.7584   0.01888   0.02377 0.0003331
     39/49      5.4G   0.02935   0.03106 0.0004128   0.06082        10       320    0.7631    0.9828    0.9779    0.7646   0.01881   0.02364 0.0003248
     40/49      5.4G   0.02906   0.03094 0.0003582   0.06036        25       320    0.7578    0.9829    0.9784    0.7656    0.0187   0.02366 0.0003061
     41/49      5.4G   0.02873   0.03077 0.0003628   0.05987        22       320    0.7732    0.9822    0.9787    0.7674   0.01851   0.02344 0.0002851
     42/49      5.4G   0.02854   0.03028  0.000371   0.05919        11       320    0.7779    0.9817    0.9789    0.7691   0.01844   0.02325 0.0002824
     43/49      5.4G   0.02854   0.03001 0.0003319   0.05889        11       320    0.7876    0.9822    0.9795    0.7708   0.01831   0.02315 0.0002685
     44/49      5.4G   0.02808   0.02976 0.0003346   0.05818        12       320      0.78    0.9823    0.9796    0.7721   0.01818     0.023 0.0002606
     45/49      5.4G     0.028   0.02985 0.0003018   0.05815        15       320    0.7831    0.9825    0.9798    0.7769   0.01807   0.02289 0.0002509
     46/49      5.4G    0.0278   0.02978 0.0003264   0.05791        24       320    0.7917    0.9826    0.9801     0.779   0.01802   0.02272 0.0002468
     47/49      5.4G   0.02792   0.02944 0.0003056   0.05767        23       320    0.7915    0.9819    0.9799     0.782   0.01794   0.02258 0.0002503
     48/49      5.4G   0.02771    0.0291 0.0003009   0.05712        16       320    0.7999    0.9821      0.98    0.7793   0.01791   0.02248 0.0002457
     49/49      5.4G   0.02746   0.02897 0.0002941   0.05673         9       320    0.8039    0.9825    0.9802    0.7805   0.01784    0.0224 0.0002449
