      0/99     15.3G   0.09937   0.03598   0.01192    0.1473       102       640         0         0         0         0         0         0         0
      1/99     12.3G   0.07971   0.03169  0.006608     0.118       100       640         0         0         0         0         0         0         0
      2/99     12.3G   0.06957   0.02892  0.004851    0.1033        57       640         0         0         0         0         0         0         0
      3/99     12.3G    0.0604   0.02698  0.003626   0.09101        66       640     0.357    0.6341    0.5609    0.2627   0.04646   0.02583  0.002375
      4/99     12.3G   0.05465   0.02524  0.003027   0.08292       129       640    0.3878    0.6948     0.622    0.3023   0.04284   0.02395  0.001974
      5/99     12.3G    0.0514   0.02434   0.00264   0.07838        44       640    0.4389    0.6832    0.6274    0.3072   0.04279   0.02446  0.001991
      6/99     12.3G   0.04917   0.02375   0.00244   0.07535        65       640    0.4113    0.7519    0.6866    0.3551   0.03906   0.02205  0.001589
      7/99     12.3G   0.04758   0.02305  0.002299   0.07293        70       640    0.4148    0.7611    0.7047    0.3728   0.03746   0.02164  0.001618
      8/99     12.3G   0.04618   0.02287  0.002124   0.07117        85       640    0.4368    0.7627    0.7159    0.3841   0.03665   0.02121  0.001516
      9/99     12.3G   0.04505   0.02234  0.002054   0.06944        37       640    0.4933    0.7434    0.7071    0.3749   0.03722   0.02169  0.001668
     10/99     12.3G   0.04452   0.02207  0.001984   0.06858        60       640    0.4431    0.7784    0.7301    0.3999   0.03547   0.02065  0.001366
     11/99     12.3G   0.04382   0.02176  0.001915    0.0675        56       640    0.4732    0.7711     0.732    0.4082   0.03449   0.02028   0.00129
     12/99     12.3G   0.04304   0.02156  0.001916   0.06651        79       640    0.4943    0.7797    0.7454    0.4163    0.0342   0.01999  0.001345
     13/99     12.3G   0.04238   0.02149  0.001829    0.0657        72       640    0.5199    0.7737    0.7481    0.4243   0.03373   0.01978  0.001243
     14/99     12.3G   0.04194   0.02117  0.001736   0.06485        52       640    0.5002    0.7877    0.7584    0.4337   0.03312   0.01947  0.001213
     15/99     12.3G   0.04151   0.02093  0.001696   0.06414        50       640    0.5117    0.7895    0.7633    0.4395   0.03277   0.01923  0.001204
     16/99     12.3G   0.04094   0.02086  0.001666   0.06347        67       640    0.4983    0.7993    0.7683    0.4422   0.03268   0.01913  0.001178
     17/99     12.3G   0.04072   0.02047  0.001643   0.06284        96       640    0.4979    0.7877    0.7611    0.4366   0.03272   0.01955  0.001226
     18/99     12.3G   0.04014   0.02065  0.001626   0.06242        90       640    0.4984    0.8096    0.7782    0.4539   0.03191   0.01883  0.001173
     19/99     12.3G   0.03996    0.0202  0.001625   0.06178       104       640    0.5248    0.8028    0.7769    0.4541   0.03197   0.01881  0.001154
     20/99     12.3G    0.0397   0.02026  0.001587   0.06155        40       640    0.5125    0.8098    0.7811    0.4583   0.03146   0.01873  0.001111
     21/99     12.3G   0.03925   0.02011  0.001547   0.06091        82       640    0.5213    0.8112     0.786    0.4625   0.03125   0.01858  0.001061
     22/99     12.3G   0.03919   0.02001  0.001543   0.06075        65       640    0.5421    0.8022     0.783    0.4636   0.03115   0.01849  0.001076
     23/99     12.3G   0.03888   0.02004  0.001508   0.06042        53       640    0.4958    0.8208    0.7885    0.4704   0.03088   0.01835  0.001057
     24/99     12.3G   0.03859   0.01986  0.001459   0.05992        68       640    0.5303    0.8135    0.7901    0.4703   0.03101   0.01835  0.001103
     25/99     12.3G   0.03823   0.01954  0.001478   0.05925        59       640    0.5377    0.8129    0.7926    0.4738   0.03057   0.01831  0.001044
     26/99     12.2G   0.03811   0.01963  0.001429   0.05917        73       640    0.5426    0.8127     0.794    0.4798   0.03022   0.01815  0.001003
     27/99     12.3G   0.03792   0.01949  0.001401   0.05881        96       640    0.5487    0.8164    0.7993    0.4815   0.03032    0.0181 0.0009965
     28/99     12.3G   0.03772   0.01965  0.001387   0.05876       104       640    0.5463    0.8195    0.8009    0.4838   0.03027   0.01798  0.001062
     29/99     12.3G   0.03759    0.0197  0.001412    0.0587        86       640    0.5377    0.8225    0.8019    0.4864   0.02996     0.018  0.001018
     30/99     12.3G   0.03759   0.01928  0.001415   0.05829       119       640      0.54    0.8185    0.8016    0.4869   0.02975    0.0179   0.00101
     31/99     12.3G   0.03722   0.01928  0.001377   0.05788        43       640    0.5385    0.8241    0.8048    0.4917   0.02958   0.01786 0.0009648
     32/99     12.3G   0.03701   0.01915  0.001336    0.0575        74       640    0.5361    0.8295    0.8064    0.4916    0.0296   0.01789  0.000954
     33/99     12.3G   0.03702    0.0192  0.001364   0.05758       123       640    0.5389    0.8292    0.8108    0.4957   0.02947   0.01779 0.0009336
     34/99     12.3G   0.03682   0.01906  0.001307   0.05719        67       640    0.5381      0.83    0.8096    0.4972   0.02934   0.01772 0.0009532
     35/99     12.3G   0.03648   0.01907  0.001344   0.05689        58       640    0.5399    0.8287     0.808    0.4953    0.0293   0.01773  0.000954
     36/99     12.3G   0.03651   0.01886  0.001319   0.05668        90       640    0.5483    0.8287    0.8109    0.4989   0.02925   0.01767 0.0009333
     37/99     12.3G   0.03599   0.01888  0.001265   0.05613        92       640    0.5531    0.8282     0.812       0.5   0.02917    0.0176 0.0009434
     38/99     12.3G   0.03616   0.01885   0.00126   0.05628        54       640    0.5565    0.8282    0.8141    0.5039   0.02913   0.01755  0.000943
     39/99     12.3G   0.03601   0.01874  0.001307   0.05605       103       640    0.5547    0.8315    0.8145    0.5034   0.02893   0.01754 0.0009468
     40/99     12.3G   0.03557   0.01865  0.001273    0.0555       117       640    0.5617     0.831    0.8157    0.5052   0.02886   0.01751 0.0009217
     41/99     12.3G   0.03555   0.01875  0.001205    0.0555        36       640    0.5545    0.8298    0.8154    0.5078   0.02884   0.01747  0.000921
     42/99     12.3G   0.03561   0.01871  0.001246   0.05557        80       640    0.5612    0.8352    0.8178    0.5082   0.02877   0.01751   0.00092
     43/99     12.3G   0.03538   0.01855  0.001278   0.05521       151       640    0.5598    0.8331    0.8194    0.5137   0.02863   0.01738 0.0009167
     44/99     12.3G   0.03509   0.01843  0.001228   0.05475       106       640    0.5607    0.8361    0.8201     0.514   0.02842   0.01726  0.000894
     45/99     12.3G   0.03496   0.01859  0.001223   0.05477        92       640    0.5635    0.8348    0.8205    0.5146   0.02848   0.01729 0.0009042
     46/99     12.3G   0.03494   0.01834  0.001223    0.0545       144       640    0.5661    0.8382    0.8235    0.5152   0.02843   0.01731  0.000912
     47/99     12.3G   0.03493   0.01836  0.001212    0.0545        80       640    0.5669    0.8383    0.8237    0.5175   0.02837   0.01728 0.0008957
     48/99     12.3G   0.03478   0.01817  0.001154    0.0541        88       640    0.5639    0.8354    0.8231    0.5178   0.02831   0.01722 0.0008843
     49/99     12.3G    0.0346   0.01814  0.001185   0.05393       127       640    0.5659    0.8334    0.8221    0.5189    0.0282   0.01719 0.0008756
     50/99     12.3G   0.03452   0.01805  0.001184   0.05375       147       640    0.5636    0.8382    0.8249    0.5212    0.0281   0.01712 0.0008857
     51/99     12.3G   0.03433   0.01801  0.001176   0.05352       166       640    0.5666    0.8401    0.8253    0.5216   0.02807   0.01711  0.000884
     52/99     12.3G   0.03433   0.01808  0.001124   0.05354       144       640    0.5734    0.8379    0.8254    0.5225   0.02807    0.0171 0.0008756
     53/99     12.3G   0.03414   0.01775  0.001134   0.05303        76       640    0.5799    0.8408    0.8285    0.5249   0.02795   0.01706 0.0008678
     54/99     12.3G   0.03389   0.01784  0.001104   0.05283        71       640    0.5753    0.8415    0.8281    0.5256   0.02802   0.01705  0.000862
     55/99     12.3G   0.03388   0.01787  0.001094   0.05285       145       640    0.5779     0.842    0.8296    0.5267   0.02795   0.01701 0.0008649
     56/99     12.3G    0.0335   0.01764  0.001059    0.0522        85       640    0.5753    0.8422     0.831    0.5288   0.02786   0.01698 0.0008659
     57/99     12.3G   0.03362   0.01779   0.00109    0.0525        51       640    0.5711    0.8425    0.8301    0.5289   0.02784   0.01696  0.000868
     58/99     12.3G   0.03353   0.01761  0.001075   0.05222        90       640    0.5687    0.8438    0.8311    0.5292    0.0278   0.01697 0.0008643
     59/99     12.3G   0.03352   0.01799  0.001112   0.05262        57       640    0.5748    0.8443    0.8315    0.5307   0.02775   0.01692 0.0008643
     60/99     12.3G   0.03322   0.01759  0.001057   0.05186       132       640     0.576    0.8461    0.8337    0.5318   0.02775    0.0169 0.0008603
     61/99     12.3G   0.03304   0.01758  0.001055   0.05167        75       640    0.5831    0.8457    0.8346    0.5327   0.02766   0.01687 0.0008515
     62/99     12.3G   0.03302   0.01758  0.001043   0.05164       178       640    0.5788    0.8456    0.8351    0.5336   0.02761   0.01685 0.0008449
     63/99     12.3G   0.03283   0.01744   0.00104   0.05131        89       640    0.5817    0.8462     0.835     0.534   0.02761   0.01687 0.0008508
     64/99     12.3G   0.03281   0.01737  0.001044   0.05122        96       640    0.5816    0.8458    0.8358    0.5349   0.02758   0.01686 0.0008471
     65/99     12.3G   0.03268   0.01727  0.001005   0.05096       162       640    0.5818    0.8483    0.8356    0.5354   0.02754   0.01684 0.0008457
     66/99     12.3G   0.03273   0.01756  0.001015   0.05131       104       640    0.5832     0.848    0.8358    0.5367   0.02749   0.01682 0.0008508
     67/99     12.3G   0.03267   0.01749  0.001009   0.05116        59       640    0.5816     0.844    0.8334    0.5368   0.02745   0.01682 0.0008474
     68/99     12.3G   0.03252   0.01725 0.0009711   0.05074        71       640    0.5823    0.8439     0.834    0.5366   0.02743   0.01682 0.0008401
     69/99     12.3G    0.0323   0.01715 0.0009762   0.05042        88       640    0.5839    0.8434    0.8348    0.5378   0.02742   0.01683 0.0008392
     70/99     12.3G   0.03246    0.0173  0.001013   0.05077        91       640    0.5859    0.8465    0.8361    0.5389   0.02739   0.01681 0.0008394
     71/99     12.3G   0.03203   0.01719 0.0009893    0.0502        99       640    0.5868    0.8494     0.838    0.5393   0.02737    0.0168 0.0008423
     72/99     12.3G    0.0322   0.01697 0.0009811   0.05015        96       640    0.5841    0.8479    0.8369    0.5395   0.02733   0.01679 0.0008339
     73/99     12.3G   0.03191   0.01694  0.000949    0.0498        87       640    0.5834    0.8495    0.8374    0.5395    0.0273   0.01677 0.0008257
     74/99     12.3G   0.03173    0.0168 0.0009421   0.04946        38       640    0.5834    0.8481    0.8367    0.5402   0.02728   0.01676 0.0008222
     75/99     12.3G    0.0319   0.01678  0.000941   0.04962        99       640    0.5847    0.8496    0.8378    0.5411   0.02727   0.01677 0.0008222
     76/99     12.3G   0.03172   0.01673 0.0009363   0.04938        61       640    0.5839    0.8494    0.8381    0.5414   0.02726   0.01678 0.0008251
     77/99     12.3G   0.03179   0.01692 0.0009361   0.04965       140       640     0.586    0.8498    0.8387     0.542   0.02726   0.01678 0.0008254
     78/99     12.3G   0.03156   0.01665 0.0009402   0.04915        81       640    0.5868    0.8489    0.8389    0.5424   0.02725   0.01678 0.0008245
     79/99     12.3G   0.03129   0.01662 0.0009312   0.04884       117       640    0.5874    0.8487    0.8393    0.5424   0.02724   0.01677 0.0008199
     80/99     12.3G   0.03141   0.01671 0.0009217   0.04905       158       640    0.5883    0.8486    0.8394    0.5429   0.02723   0.01676 0.0008141
     81/99     12.3G   0.03127   0.01662 0.0009155    0.0488       139       640    0.5904    0.8487    0.8398    0.5432   0.02723   0.01676 0.0008129
     82/99     12.3G   0.03137    0.0165 0.0009072   0.04879        77       640    0.5913     0.848    0.8395    0.5436   0.02721   0.01675 0.0008118
     83/99     12.3G   0.03112   0.01665 0.0009046   0.04867       109       640    0.5917    0.8481    0.8395    0.5437   0.02719   0.01675 0.0008093
     84/99     12.3G   0.03121   0.01688 0.0008943   0.04898       106       640    0.5921    0.8488      0.84    0.5441   0.02719   0.01675 0.0008065
     85/99     12.3G   0.03119    0.0165 0.0009057    0.0486        82       640    0.5922    0.8485    0.8398    0.5446   0.02717   0.01675 0.0008049
     86/99     12.2G   0.03099   0.01649  0.000862   0.04834        46       640    0.5924    0.8488    0.8399    0.5447   0.02716   0.01674 0.0008031
     87/99     12.3G   0.03097   0.01654 0.0008753   0.04838        90       640    0.5922     0.849    0.8399    0.5453   0.02714   0.01674 0.0008018
     88/99     12.3G    0.0308   0.01652 0.0008596   0.04819        99       640    0.5926    0.8498    0.8407    0.5458   0.02713   0.01673 0.0008013
     89/99     12.3G   0.03079   0.01636 0.0008521     0.048        85       640     0.594    0.8499    0.8406     0.546   0.02712   0.01674  0.000802
     90/99     12.3G   0.03083   0.01672 0.0008635   0.04842       111       640     0.594    0.8495    0.8407    0.5462   0.02712   0.01674 0.0008024
     91/99     12.3G   0.03083   0.01629 0.0008454   0.04797        92       640    0.5941    0.8496    0.8406    0.5465   0.02711   0.01674 0.0008016
     92/99     12.3G   0.03068   0.01616 0.0008562    0.0477        76       640    0.5943    0.8499    0.8407    0.5467   0.02711   0.01673 0.0008011
     93/99     12.3G   0.03073   0.01649  0.000833   0.04805       130       640    0.5947    0.8506    0.8411    0.5473    0.0271   0.01673 0.0008019
     94/99     12.3G   0.03061   0.01619 0.0008797   0.04769       107       640    0.5946    0.8501    0.8413    0.5475    0.0271   0.01673 0.0008028
     95/99     12.3G   0.03069   0.01672 0.0008475   0.04826       103       640     0.594    0.8504    0.8413    0.5477   0.02709   0.01673 0.0008035
     96/99     12.3G   0.03058   0.01619 0.0008535   0.04762        74       640    0.5945    0.8506    0.8413    0.5478   0.02709   0.01674 0.0008042
     97/99     12.3G   0.03053   0.01635 0.0008582   0.04774        64       640    0.5944    0.8506    0.8414    0.5482   0.02708   0.01673 0.0008051
     98/99     12.3G   0.03037   0.01611 0.0008429   0.04732       159       640    0.5945    0.8501    0.8409    0.5482   0.02708   0.01673 0.0008055
     99/99     12.3G   0.03047   0.01634 0.0008292   0.04764       136       640    0.5945    0.8504    0.8415    0.5485   0.02708   0.01673 0.0008057
