      0/99     5.44G   0.09453   0.06624   0.01542    0.1762        19       320         0         0         0         0         0         0         0
      1/99     5.56G   0.07327   0.06067  0.006259    0.1402         7       320         0         0         0         0         0         0         0
      2/99     5.56G   0.06413   0.05571  0.004439    0.1243         5       320         0         0         0         0         0         0         0
      3/99     5.56G    0.0573   0.05332  0.003589    0.1142         9       320    0.4248    0.6698    0.6181    0.2873   0.04312   0.04481  0.005291
      4/99      5.4G    0.0524   0.04972   0.00274    0.1049        26       320    0.3039    0.8122     0.591    0.3022   0.03836   0.04114  0.003757
      5/99      5.4G   0.04926   0.04789  0.002255   0.09941        16       320    0.3533    0.7913     0.705    0.3886   0.03629   0.04026  0.003482
      6/99      5.4G   0.04844   0.04834  0.002221     0.099        16       320    0.3056    0.8577    0.6934    0.3643   0.03397   0.03837   0.00234
      7/99      5.4G   0.04605     0.046  0.001888   0.09395        10       320     0.364    0.8292    0.7452    0.4135   0.03282   0.03743  0.002219
      8/99      5.4G   0.04459   0.04455  0.001678   0.09083        15       320    0.3988     0.869    0.8108    0.4629   0.03068   0.03582  0.002043
      9/99      5.4G   0.04358   0.04315  0.001577    0.0883        10       320    0.3989    0.9283    0.8376    0.4973    0.0298   0.03476  0.001784
     10/99      5.4G   0.04227   0.04262  0.001466   0.08636        11       320    0.4082    0.9265    0.8569    0.5006   0.02905   0.03392  0.001584
     11/99      5.4G   0.04131   0.04171  0.001301   0.08432         6       320    0.4252    0.9303    0.8624    0.5235   0.02793   0.03316    0.0015
     12/99      5.4G   0.04095   0.04125  0.001354   0.08355        12       320    0.4493    0.9499      0.87    0.5023   0.02752   0.03295  0.001489
     13/99      5.4G   0.04042   0.04058  0.001379   0.08238        29       320    0.4374    0.9308    0.8836    0.5383   0.02647   0.03213  0.001356
     14/99      5.4G   0.03991   0.04045  0.001264   0.08162         4       320    0.4926    0.9623    0.8939     0.561   0.02636   0.03175  0.001431
     15/99      5.4G   0.03948   0.03998  0.001136   0.08059        14       320    0.5095    0.9131    0.9006    0.5902   0.02568   0.03091  0.001393
     16/99      5.4G    0.0393   0.04017   0.00119   0.08066        29       320    0.4886    0.9593    0.9022    0.5945   0.02577   0.03087  0.001279
     17/99      5.4G    0.0387   0.03924  0.001131   0.07907        14       320    0.4928    0.9654     0.905    0.5767   0.02495   0.03074  0.001175
     18/99      5.4G    0.0381   0.03895  0.001108   0.07816        12       320    0.5136    0.9269    0.9182    0.6075   0.02449   0.02977  0.001083
     19/99      5.4G   0.03799   0.03907  0.001056   0.07811        51       320     0.512    0.9675    0.9234    0.6089   0.02481   0.02976  0.001316
     20/99      5.4G   0.03766   0.03864  0.001019   0.07732        34       320     0.532    0.9467    0.9255    0.6343   0.02402   0.02917  0.001005
     21/99      5.4G   0.03793   0.03877   0.00101   0.07771         7       320    0.5435    0.9671    0.9277    0.6409   0.02397   0.02889  0.000974
     22/99      5.4G   0.03731   0.03897 0.0009865   0.07727        18       320    0.5421    0.9643    0.9323     0.645   0.02326   0.02873  0.000942
     23/99      5.4G   0.03659   0.03775 0.0009633   0.07531        10       320     0.562    0.9592    0.9362     0.616   0.02363   0.02832 0.0008764
     24/99      5.4G   0.03603   0.03731 0.0008942   0.07424        47       320    0.5735    0.9783    0.9531    0.6615    0.0226     0.028 0.0007815
     25/99      5.4G   0.03585   0.03674 0.0008397   0.07343        18       320    0.5591    0.9799    0.9574    0.6765   0.02241   0.02802 0.0007637
     26/99      5.4G   0.03563   0.03707 0.0008289   0.07353        17       320    0.5978    0.9777    0.9629    0.6883   0.02207   0.02736 0.0007323
     27/99      5.4G   0.03497   0.03645 0.0007991   0.07222        40       320    0.6302    0.9802    0.9635    0.6813   0.02185    0.0271 0.0006967
     28/99      5.4G   0.03529   0.03616 0.0008174   0.07227        38       320    0.6128    0.9773    0.9616    0.6833    0.0218   0.02718 0.0006779
     29/99      5.4G   0.03525   0.03635 0.0007914   0.07239         8       320    0.6534    0.9771    0.9615    0.7076   0.02176   0.02698 0.0006838
     30/99      5.4G   0.03476   0.03589 0.0007827   0.07144        27       320    0.6798    0.9786    0.9651    0.6976   0.02143   0.02692 0.0006037
     31/99      5.4G   0.03433   0.03541 0.0007156   0.07046         8       320    0.6805    0.9768    0.9672    0.7054   0.02107   0.02618 0.0005577
     32/99      5.4G   0.03409   0.03514  0.000708   0.06993        18       320    0.7044    0.9774    0.9684    0.7146   0.02067   0.02601 0.0005299
     33/99      5.4G   0.03383   0.03569 0.0007048   0.07022        20       320    0.6938    0.9789    0.9686    0.7201   0.02055   0.02598 0.0005245
     34/99      5.4G   0.03409   0.03588  0.000727    0.0707        24       320    0.7003    0.9814    0.9708    0.7209   0.02061   0.02591 0.0004861
     35/99      5.4G   0.03393    0.0356 0.0007216   0.07024         9       320    0.7077    0.9821    0.9709    0.7295   0.02056   0.02566 0.0004933
     36/99      5.4G   0.03339   0.03455 0.0006859   0.06862        18       320    0.7375    0.9808    0.9732    0.7297   0.02024   0.02523 0.0004789
     37/99      5.4G   0.03325   0.03458 0.0006627    0.0685        44       320    0.7419    0.9808    0.9728    0.7317   0.02015   0.02516 0.0005062
     38/99      5.4G   0.03293   0.03415 0.0006183    0.0677        30       320    0.7577    0.9808    0.9717    0.7313   0.02017   0.02496 0.0004937
     39/99      5.4G   0.03267   0.03392 0.0006134    0.0672        10       320    0.7449    0.9828    0.9742    0.7384   0.01974    0.0247 0.0004342
     40/99      5.4G    0.0325   0.03391 0.0005838   0.06699        25       320    0.7557    0.9825    0.9751    0.7428   0.01955   0.02451 0.0004027
     41/99      5.4G   0.03241     0.034 0.0006386   0.06704        22       320    0.7863     0.981    0.9751    0.7433   0.01947   0.02431 0.0004128
     42/99      5.4G   0.03213   0.03346 0.0006316   0.06622        11       320    0.7684    0.9828    0.9756    0.7508   0.01931   0.02419 0.0003934
     43/99      5.4G   0.03222   0.03322 0.0006103   0.06606        11       320    0.7779    0.9824    0.9765    0.7535    0.0192   0.02413 0.0003755
     44/99      5.4G   0.03168   0.03287  0.000543   0.06509        12       320    0.7781     0.983    0.9765    0.7552   0.01905   0.02384 0.0003668
     45/99      5.4G   0.03148   0.03292  0.000523   0.06492        15       320    0.7865    0.9834    0.9768     0.757    0.0189   0.02365  0.000356
     46/99      5.4G   0.03138   0.03308 0.0005561   0.06502        24       320    0.7871    0.9833     0.977    0.7596   0.01881   0.02356 0.0003422
     47/99      5.4G   0.03149   0.03273 0.0005645   0.06479        23       320     0.788    0.9839    0.9776    0.7614   0.01871   0.02344 0.0003403
     48/99      5.4G   0.03111   0.03216 0.0005005   0.06377        16       320    0.7916    0.9844    0.9782    0.7583    0.0186   0.02328  0.000338
     49/99      5.4G   0.03091   0.03209 0.0004952   0.06349         9       320    0.7933    0.9844    0.9779     0.758   0.01852   0.02321 0.0003379
     50/99      5.4G    0.0307   0.03214 0.0004839   0.06332        18       320    0.7894    0.9847    0.9782     0.762   0.01852   0.02325 0.0003385
     51/99      5.4G   0.03068   0.03195 0.0004589   0.06309        27       320    0.8006    0.9846    0.9791     0.767   0.01839   0.02309 0.0003372
     52/99      5.4G   0.03007   0.03167 0.0004329   0.06217        18       320    0.8076     0.985    0.9799    0.7684   0.01828   0.02292 0.0003336
     53/99      5.4G   0.03021   0.03158  0.000436   0.06223        12       320    0.8084    0.9849    0.9799    0.7692   0.01821   0.02276  0.000329
     54/99      5.4G   0.03016   0.03109  0.000437   0.06169        13       320    0.8126    0.9849    0.9803    0.7716   0.01809   0.02265 0.0003212
     55/99      5.4G   0.03001   0.03143 0.0004376   0.06188        21       320    0.8202     0.985    0.9804    0.7715     0.018   0.02256  0.000316
     56/99      5.4G   0.02989   0.03112 0.0004463   0.06145        15       320    0.8249    0.9849    0.9808    0.7736    0.0179   0.02244 0.0003126
     57/99      5.4G   0.02987   0.03098 0.0004576   0.06131        13       320    0.8258    0.9855     0.981    0.7752   0.01784   0.02237 0.0003132
     58/99      5.4G   0.02947   0.03066 0.0004314   0.06056        12       320    0.8274    0.9856    0.9813    0.7751   0.01777   0.02227 0.0003065
     59/99      5.4G   0.02946   0.03095  0.000402   0.06082        25       320    0.8315     0.986    0.9814    0.7778    0.0177   0.02224 0.0003015
     60/99      5.4G   0.02903   0.03027 0.0003755   0.05967         9       320    0.8325    0.9857    0.9813    0.7777   0.01768   0.02221 0.0002977
     61/99      5.4G   0.02898    0.0306 0.0003891   0.05997        24       320    0.8327    0.9859    0.9816    0.7806   0.01762   0.02215 0.0002946
     62/99      5.4G   0.02861   0.03008 0.0003657   0.05906        36       320    0.8332    0.9861    0.9817    0.7814    0.0176    0.0221  0.000292
     63/99      5.4G   0.02868   0.03041 0.0004254   0.05952        14       320    0.8313    0.9858    0.9818    0.7825   0.01755   0.02205 0.0002866
     64/99      5.4G   0.02857   0.03009 0.0004461   0.05911        15       320    0.8346    0.9861    0.9818    0.7833   0.01753   0.02202 0.0002795
     65/99      5.4G   0.02844    0.0296  0.000375   0.05841         4       320    0.8364    0.9861    0.9817    0.7835    0.0175   0.02197 0.0002752
     66/99      5.4G    0.0281   0.02958 0.0003572   0.05804        26       320    0.8381    0.9862    0.9818    0.7849   0.01745   0.02189 0.0002729
     67/99      5.4G    0.0281   0.02921 0.0003833   0.05769        15       320    0.8372    0.9863     0.982    0.7839   0.01741   0.02184 0.0002704
     68/99      5.4G   0.02781   0.02906 0.0003399   0.05721        18       320    0.8385    0.9862    0.9821    0.7847   0.01737   0.02177 0.0002685
     69/99      5.4G   0.02775    0.0287 0.0003263   0.05678         8       320    0.8378    0.9861    0.9823     0.785   0.01735   0.02175 0.0002663
     70/99      5.4G   0.02738   0.02871 0.0003134    0.0564        26       320     0.839    0.9864    0.9824    0.7851   0.01732    0.0217 0.0002645
     71/99      5.4G   0.02738   0.02865 0.0003186   0.05635        15       320    0.8371    0.9868    0.9825    0.7861   0.01729   0.02165 0.0002629
     72/99      5.4G   0.02701   0.02841 0.0003002   0.05572        24       320    0.8374    0.9867    0.9826    0.7873   0.01726   0.02161 0.0002615
     73/99      5.4G   0.02697   0.02808 0.0003234   0.05537        22       320      0.84    0.9865    0.9827    0.7885   0.01723   0.02158 0.0002596
     74/99      5.4G   0.02685   0.02811 0.0003193   0.05527        16       320    0.8406    0.9866    0.9829    0.7895   0.01719   0.02153 0.0002579
     75/99      5.4G   0.02653   0.02796 0.0002671   0.05476        26       320     0.844    0.9864    0.9827    0.7902   0.01716   0.02151 0.0002549
     76/99      5.4G   0.02636   0.02776 0.0002672   0.05439         5       320    0.8455    0.9865     0.983    0.7914   0.01713   0.02145 0.0002528
     77/99      5.4G   0.02625   0.02776 0.0002938    0.0543        19       320    0.8459    0.9866    0.9833    0.7919   0.01709   0.02141 0.0002506
     78/99      5.4G   0.02645   0.02753 0.0002626   0.05424        12       320    0.8453    0.9866    0.9832    0.7909   0.01706   0.02136 0.0002488
     79/99      5.4G   0.02628   0.02747 0.0002564     0.054        12       320    0.8464     0.987    0.9835    0.7904   0.01703   0.02132 0.0002468
     80/99      5.4G   0.02598   0.02738 0.0002709   0.05362        26       320    0.8468     0.987    0.9836    0.7925     0.017   0.02129 0.0002453
     81/99      5.4G   0.02597   0.02728 0.0002693   0.05353        27       320     0.849    0.9872    0.9838    0.7933   0.01698   0.02124  0.000244
     82/99      5.4G    0.0258   0.02704 0.0002479   0.05309        31       320    0.8483    0.9871    0.9839    0.7942   0.01696   0.02121 0.0002424
     83/99      5.4G   0.02571   0.02691 0.0002331   0.05285        29       320    0.8473    0.9873    0.9839    0.7944   0.01693   0.02117 0.0002409
     84/99      5.4G   0.02553   0.02678 0.0002425   0.05255         8       320    0.8472    0.9872    0.9839    0.7941   0.01691   0.02114 0.0002391
     85/99      5.4G    0.0255    0.0267 0.0002463   0.05245         9       320    0.8475    0.9873     0.984    0.7942   0.01689   0.02111 0.0002375
     86/99      5.4G   0.02548   0.02673 0.0002502   0.05246        15       320    0.8475    0.9872    0.9841    0.7946   0.01687   0.02105 0.0002355
     87/99      5.4G   0.02542   0.02662 0.0002286   0.05226        22       320    0.8472    0.9874    0.9841    0.7941   0.01685   0.02102 0.0002336
     88/99      5.4G   0.02522   0.02638 0.0002198   0.05182        28       320    0.8479    0.9874    0.9842    0.7943   0.01683   0.02099  0.000232
     89/99      5.4G   0.02498   0.02623 0.0002008   0.05141        12       320    0.8458    0.9873    0.9842    0.7942    0.0168   0.02095 0.0002304
     90/99      5.4G   0.02477   0.02626 0.0002086   0.05125        18       320    0.8466    0.9875    0.9843    0.7948   0.01678   0.02093 0.0002289
     91/99      5.4G   0.02501    0.0262 0.0002066   0.05142        17       320    0.8469    0.9874    0.9843    0.7956   0.01676   0.02089 0.0002275
     92/99      5.4G   0.02458    0.0258 0.0002008   0.05059         4       320    0.8472    0.9872    0.9843    0.7961   0.01674   0.02087 0.0002263
     93/99      5.4G   0.02464   0.02568 0.0002074   0.05052        27       320     0.847     0.987    0.9843    0.7963   0.01673   0.02083  0.000225
     94/99      5.4G   0.02466   0.02571 0.0001992   0.05057         4       320    0.8471    0.9871    0.9843    0.7963   0.01671   0.02082 0.0002238
     95/99      5.4G    0.0246   0.02561 0.0002028   0.05041        20       320    0.8473    0.9871    0.9844    0.7974   0.01669   0.02079 0.0002222
     96/99      5.4G   0.02475   0.02546 0.0002005   0.05041         5       320    0.8474    0.9871    0.9843    0.7971   0.01667   0.02077 0.0002211
     97/99      5.4G   0.02458   0.02569  0.000198   0.05047        16       320     0.847    0.9872    0.9844    0.7976   0.01666   0.02073 0.0002198
     98/99      5.4G   0.02444   0.02562 0.0001974   0.05025        23       320    0.8473    0.9872    0.9844    0.7972   0.01664   0.02072 0.0002186
