     0/299     15.3G     0.101   0.04512   0.02901    0.1752       112       640         0         0         0         0         0         0         0
     1/299     12.3G    0.0851   0.04068   0.01876    0.1445       129       640         0         0         0         0         0         0         0
     2/299     12.3G    0.0749   0.03854   0.01562    0.1291       125       640         0         0         0         0         0         0         0
     3/299     12.3G   0.06579   0.03596   0.01351    0.1153       157       640    0.1831    0.1577    0.1189    0.0524   0.05227   0.03626  0.009885
     4/299     12.3G    0.0598   0.03455   0.01185    0.1062        48       640    0.1509    0.1956     0.161   0.07386   0.04777   0.03556  0.008622
     5/299     12.3G   0.05656   0.03344   0.01056    0.1006       170       640    0.1193    0.2521    0.1956    0.0906   0.04492   0.03373  0.007854
     6/299     12.3G   0.05412   0.03255  0.009798   0.09646       123       640    0.1515     0.265    0.2153    0.1023    0.0432   0.03203  0.007344
     7/299     12.3G   0.05259     0.032  0.009202   0.09379       142       640    0.1807    0.2962    0.2392    0.1161    0.0418   0.03121  0.006862
     8/299     12.3G   0.05104   0.03159  0.008755   0.09138       220       640    0.1901    0.3146    0.2543    0.1274   0.03971   0.03041   0.00617
     9/299     12.3G   0.04993    0.0307  0.008246   0.08887       130       640    0.1932    0.2923    0.2622    0.1313   0.03948   0.03027  0.006144
    10/299     12.3G    0.0488   0.03026   0.00798   0.08704        66       640     0.178    0.3116    0.2636    0.1349   0.03883    0.0303  0.006158
    11/299     12.3G   0.04811   0.03011  0.007765   0.08599       121       640    0.2034    0.3406    0.2839    0.1448   0.03801   0.02944  0.005657
    12/299     12.3G   0.04716   0.02952  0.007628   0.08431       187       640    0.2099    0.3464    0.2936    0.1536   0.03709   0.02913  0.005453
    13/299     12.3G   0.04687    0.0294  0.007353   0.08362       152       640    0.2005    0.3369    0.2965    0.1547   0.03705   0.02895  0.005446
    14/299     12.3G   0.04633   0.02897  0.007269   0.08257        77       640    0.2267    0.3459    0.3015    0.1597    0.0364    0.0287  0.005365
    15/299     12.3G   0.04568   0.02915  0.007077   0.08191       188       640    0.2218    0.3684    0.3104    0.1657    0.0362   0.02844   0.00531
    16/299     12.3G   0.04522   0.02882  0.007036   0.08108       103       640    0.2468    0.3674    0.3189    0.1712    0.0359   0.02836  0.005033
    17/299     12.3G   0.04469    0.0284  0.006791   0.07988       177       640    0.2434     0.385    0.3302    0.1766   0.03547   0.02801  0.005129
    18/299     12.3G   0.04464   0.02868  0.006681      0.08       105       640    0.2412     0.388    0.3297    0.1759   0.03521   0.02788  0.004968
    19/299     12.3G   0.04407    0.0282  0.006584   0.07885       139       640    0.2526    0.3983    0.3382    0.1826   0.03487   0.02783  0.004847
    20/299     12.3G   0.04361   0.02849  0.006318   0.07842        95       640     0.245    0.4245    0.3592    0.1949   0.03476   0.02766  0.004699
    21/299     12.3G   0.04347   0.02791  0.006244   0.07763       117       640    0.2531    0.4033    0.3653    0.1988   0.03441   0.02741  0.004661
    22/299     12.3G   0.04325   0.02799  0.006163   0.07741       172       640    0.2637    0.4101    0.3709    0.2019   0.03436   0.02751  0.004712
    23/299     12.3G   0.04313   0.02803   0.00612   0.07728       162       640    0.3062    0.4341     0.383    0.2103   0.03388   0.02714  0.004515
    24/299     12.3G   0.04276   0.02766  0.005976   0.07639       108       640    0.3066    0.4492    0.3801    0.2073   0.03384   0.02713   0.00457
    25/299     12.3G    0.0425   0.02777  0.005898   0.07617        96       640     0.299    0.4463    0.3827    0.2135    0.0336   0.02707   0.00451
    26/299     12.3G   0.04246   0.02734  0.005782   0.07559        97       640    0.3262    0.4546    0.3923    0.2152   0.03361   0.02704   0.00439
    27/299     12.3G   0.04204   0.02717  0.005666   0.07488       103       640    0.3199    0.4624    0.3996      0.22   0.03324   0.02685  0.004346
    28/299     12.3G   0.04196   0.02732   0.00572     0.075        83       640    0.3152    0.4703    0.4062    0.2219   0.03305   0.02677  0.004241
    29/299     12.3G   0.04137   0.02671  0.005524    0.0736       112       640    0.3012    0.4854    0.4063    0.2254   0.03286   0.02657  0.004225
    30/299     12.3G   0.04162    0.0268  0.005466   0.07388       147       640    0.3039    0.4829    0.4071    0.2254   0.03264   0.02642   0.00418
    31/299     12.3G   0.04124   0.02709   0.00542   0.07376        91       640    0.3084    0.4867    0.4185    0.2344   0.03256    0.0264  0.004129
    32/299     12.3G   0.04128   0.02693  0.005384   0.07359       101       640    0.3094    0.4819    0.4156    0.2331   0.03237   0.02626  0.004045
    33/299     12.3G    0.0412   0.02688   0.00541   0.07349       171       640     0.307    0.4852    0.4105    0.2309   0.03235   0.02634  0.004073
    34/299     12.3G   0.04092   0.02675  0.005277   0.07295       162       640    0.2968    0.4903    0.4106    0.2351   0.03206   0.02626  0.004009
    35/299     12.3G   0.04061   0.02671  0.005226   0.07255        81       640     0.302    0.4968    0.4241    0.2393   0.03191   0.02613  0.004015
    36/299     12.3G   0.04047   0.02667  0.005184   0.07233       153       640     0.318       0.5    0.4254    0.2424    0.0318   0.02609  0.003947
    37/299     12.3G   0.04042   0.02646  0.005097   0.07198        49       640    0.3152    0.5063    0.4249    0.2423   0.03177   0.02608  0.003966
    38/299     12.3G   0.04044   0.02652  0.005118   0.07208       126       640    0.3257    0.4991    0.4338    0.2479    0.0316   0.02593  0.003915
    39/299     12.3G   0.04014   0.02648  0.005023   0.07164       142       640    0.3248    0.5019    0.4353    0.2501    0.0314   0.02575  0.003832
    40/299     12.3G   0.03992    0.0264  0.004912   0.07123        89       640    0.3095    0.4983    0.4385    0.2544   0.03136   0.02576  0.003748
    41/299     12.3G   0.03997   0.02647  0.004919   0.07136       120       640    0.3131    0.4985    0.4381    0.2536   0.03142   0.02583  0.003773
    42/299     12.3G   0.03988   0.02606  0.004824   0.07077       102       640    0.3134    0.5084    0.4391    0.2537   0.03122   0.02579  0.003747
    43/299     12.3G   0.03974   0.02626  0.004901    0.0709        46       640    0.3142    0.5086    0.4465    0.2582   0.03116   0.02573  0.003728
    44/299     12.3G   0.03951   0.02607  0.004756   0.07034       118       640    0.3057    0.5076    0.4441    0.2575   0.03102    0.0256  0.003712
    45/299     12.3G   0.03969   0.02614  0.004796   0.07063       112       640    0.3121    0.5099    0.4431    0.2575   0.03099   0.02554   0.00374
    46/299     12.3G   0.03941   0.02602  0.004733   0.07017        52       640    0.3029    0.5158     0.448    0.2617    0.0309   0.02544  0.003627
    47/299     12.3G   0.03936   0.02595  0.004601   0.06991        74       640    0.3119    0.5195     0.448    0.2569   0.03082   0.02551  0.003655
    48/299     12.3G   0.03924   0.02591  0.004674   0.06982        77       640    0.3142    0.5183    0.4456    0.2605   0.03076   0.02545  0.003615
    49/299     12.3G   0.03924   0.02554  0.004639   0.06942       145       640    0.3129    0.5163    0.4437    0.2582   0.03067   0.02545  0.003638
    50/299     12.3G   0.03917   0.02601  0.004628   0.06981       126       640    0.2971    0.5158    0.4425    0.2594   0.03066   0.02541   0.00363
    51/299     12.3G   0.03888    0.0259  0.004512   0.06929       117       640    0.3013     0.524    0.4459    0.2611   0.03052    0.0254  0.003641
    52/299     12.3G   0.03897    0.0257  0.004468   0.06914        81       640    0.3028    0.5117    0.4444    0.2604   0.03052   0.02538  0.003636
    53/299     12.3G   0.03867   0.02557  0.004505   0.06874       113       640    0.3085    0.5199    0.4482    0.2641   0.03044   0.02523  0.003641
    54/299     12.3G   0.03876   0.02579  0.004494   0.06905       149       640       0.3    0.5199    0.4493    0.2637   0.03036   0.02519  0.003663
    55/299     12.3G   0.03847   0.02528  0.004422   0.06817       127       640    0.3031    0.5214    0.4488    0.2628   0.03035   0.02521  0.003626
    56/299     12.3G    0.0385   0.02569  0.004447   0.06864        85       640    0.3158    0.5224    0.4534    0.2664   0.03028   0.02519  0.003573
    57/299     12.3G   0.03855   0.02549  0.004366    0.0684        72       640    0.3135    0.5196    0.4569    0.2712   0.03014   0.02512  0.003547
    58/299     12.3G   0.03842    0.0255  0.004385    0.0683        30       640    0.3077    0.5185    0.4561    0.2704   0.03015   0.02516  0.003584
    59/299     12.3G   0.03832    0.0255  0.004362   0.06818       166       640    0.3106    0.5233    0.4588    0.2713   0.03005   0.02506  0.003534
    60/299     12.3G   0.03837   0.02565  0.004357   0.06838       177       640    0.3097    0.5275    0.4613    0.2719   0.02994     0.025  0.003515
    61/299     12.3G   0.03811   0.02547  0.004226   0.06781       165       640    0.3053    0.5238     0.456    0.2707   0.02995   0.02504  0.003513
    62/299     12.3G   0.03822    0.0257  0.004277    0.0682       208       640    0.3076    0.5198    0.4567    0.2695   0.02989   0.02501   0.00349
    63/299     12.3G    0.0381   0.02513  0.004219   0.06744       185       640    0.3118    0.5195    0.4561    0.2697   0.02988   0.02502  0.003488
    64/299     12.3G   0.03778   0.02522  0.004221   0.06722       108       640    0.3126    0.5259    0.4585    0.2695   0.02986   0.02497  0.003471
    65/299     12.3G   0.03773   0.02527  0.004143   0.06714       102       640    0.3193     0.527    0.4598    0.2711    0.0298   0.02493  0.003471
    66/299     12.3G   0.03787   0.02516  0.004168   0.06719       108       640     0.319    0.5259    0.4609    0.2728   0.02973   0.02489  0.003451
    67/299     12.3G   0.03771   0.02506  0.004112   0.06688       193       640    0.3233    0.5257    0.4629    0.2736    0.0297   0.02483  0.003449
    68/299     12.3G   0.03774   0.02523  0.004135   0.06711        83       640    0.3208    0.5253    0.4617     0.273   0.02965   0.02481  0.003462
    69/299     12.3G   0.03754     0.025  0.004115   0.06665        96       640    0.3225    0.5288    0.4634    0.2746   0.02962   0.02478  0.003448
    70/299     12.3G   0.03757   0.02509  0.004102   0.06676       123       640     0.318    0.5283    0.4621    0.2748   0.02959   0.02476  0.003446
    71/299     12.3G   0.03744   0.02511   0.00406   0.06661       133       640    0.3178     0.525    0.4626     0.276   0.02957   0.02473  0.003445
    72/299     12.3G   0.03734   0.02521  0.004071   0.06662       127       640    0.3159    0.5245    0.4633    0.2768   0.02952   0.02473  0.003431
    73/299     12.3G   0.03733     0.025  0.004038   0.06637       144       640    0.3149    0.5275    0.4652    0.2792   0.02947   0.02472  0.003418
    74/299     12.3G   0.03747   0.02511  0.003982   0.06656       164       640    0.3157    0.5318    0.4648    0.2785   0.02943   0.02471  0.003417
    75/299     12.3G   0.03728   0.02506  0.003979   0.06632       125       640    0.3154    0.5305    0.4665    0.2785    0.0294    0.0247   0.00341
    76/299     12.3G   0.03715   0.02487  0.003971   0.06599       107       640    0.3161      0.53    0.4662     0.279   0.02938   0.02469  0.003415
    77/299     12.3G   0.03702   0.02467  0.003939   0.06562        77       640    0.3146    0.5305    0.4669    0.2799   0.02934   0.02467   0.00341
    78/299     12.3G   0.03711   0.02495  0.003942   0.06601        84       640    0.3127    0.5274    0.4681    0.2803   0.02931   0.02463  0.003406
    79/299     12.3G   0.03717   0.02483  0.003968   0.06597       105       640    0.3141    0.5289    0.4685    0.2805   0.02928   0.02459  0.003397
    80/299     12.3G   0.03713    0.0248  0.003912   0.06584       139       640    0.3168    0.5311    0.4689     0.281   0.02926   0.02456  0.003398
    81/299     12.3G   0.03684   0.02461  0.003845    0.0653       160       640    0.3184    0.5286    0.4695     0.282   0.02924   0.02455  0.003394
    82/299     12.3G   0.03694   0.02476  0.003875   0.06558       106       640    0.3204    0.5305     0.471    0.2826   0.02921   0.02454  0.003392
    83/299     12.3G   0.03674    0.0247  0.003857   0.06529       201       640    0.3232    0.5346    0.4713    0.2839   0.02919   0.02453  0.003393
    84/299     12.3G   0.03677   0.02468  0.003849   0.06529       150       640     0.324    0.5337    0.4721     0.284   0.02918   0.02452  0.003388
    85/299     12.3G   0.03661   0.02493  0.003805   0.06534       191       640    0.3229     0.534    0.4726    0.2841   0.02917   0.02451  0.003379
    86/299     12.3G   0.03672   0.02484  0.003804   0.06537        70       640    0.3219     0.534     0.473    0.2846   0.02916   0.02451  0.003375
    87/299     12.3G   0.03641   0.02457  0.003726    0.0647        91       640     0.321     0.536    0.4729    0.2851   0.02915    0.0245   0.00337
    88/299     12.3G   0.03652   0.02469  0.003737   0.06495        79       640    0.3191    0.5339    0.4731    0.2854   0.02914    0.0245   0.00337
    89/299     12.3G   0.03649   0.02437  0.003706   0.06457       112       640    0.3181    0.5357    0.4725    0.2851   0.02912    0.0245  0.003367
    90/299     12.3G   0.03638   0.02456   0.00377    0.0647       117       640    0.3162    0.5362    0.4725    0.2846    0.0291   0.02449  0.003367
    91/299     12.3G   0.03633   0.02463  0.003742    0.0647        71       640    0.3187    0.5387    0.4717     0.284   0.02908   0.02448  0.003367
    92/299     12.3G   0.03631   0.02437  0.003681   0.06436       127       640    0.3188    0.5387    0.4723    0.2843   0.02906   0.02447  0.003365
    93/299     12.3G   0.03625   0.02442   0.00364   0.06431       203       640    0.3189    0.5398    0.4719    0.2857   0.02904   0.02446  0.003364
    94/299     12.3G   0.03627   0.02478  0.003674   0.06472       120       640    0.3202    0.5403    0.4728    0.2863   0.02903   0.02446  0.003361
    95/299     12.3G   0.03626   0.02458  0.003685   0.06453        62       640    0.3198    0.5388    0.4734    0.2866   0.02901   0.02446   0.00336
    96/299     12.3G   0.03608   0.02447  0.003637   0.06419       253       640    0.3201     0.542    0.4735    0.2862   0.02898   0.02446  0.003357
    97/299     12.3G   0.03608   0.02435  0.003675   0.06411       153       640     0.321     0.542     0.474    0.2866   0.02897   0.02445  0.003353
    98/299     12.3G   0.03619   0.02449  0.003655   0.06433       100       640    0.3217    0.5421    0.4743    0.2868   0.02895   0.02445   0.00335
    99/299     12.3G   0.03611   0.02418  0.003628   0.06391       167       640    0.3208    0.5417    0.4751     0.287   0.02893   0.02444  0.003349
   100/299     12.3G   0.03621   0.02423  0.003605   0.06405       114       640    0.3211    0.5412    0.4749     0.287   0.02891   0.02443  0.003347
   101/299     12.3G   0.03609   0.02427  0.003693   0.06405        80       640     0.322    0.5395    0.4757    0.2867    0.0289   0.02443  0.003346
   102/299     12.3G   0.03597   0.02436  0.003595   0.06392       207       640    0.3214    0.5391     0.476     0.287   0.02889   0.02442  0.003344
   103/299     12.3G   0.03584   0.02424  0.003579   0.06366        97       640    0.3215    0.5387    0.4763    0.2875   0.02887   0.02441  0.003341
   104/299     12.3G   0.03595   0.02443  0.003569   0.06395       134       640    0.3216     0.538    0.4761    0.2871   0.02885   0.02441  0.003339
   105/299     12.3G   0.03574   0.02428  0.003578    0.0636       138       640    0.3215    0.5373    0.4762    0.2876   0.02884    0.0244  0.003335
   106/299     12.3G   0.03568   0.02415  0.003608   0.06344       135       640    0.3223     0.537    0.4761    0.2882   0.02883    0.0244   0.00333
   107/299     12.3G   0.03567   0.02399  0.003514   0.06318       133       640     0.323    0.5387    0.4759    0.2879   0.02882   0.02439  0.003329
   108/299     12.3G   0.03559   0.02408  0.003506   0.06317       107       640    0.3228    0.5393    0.4759    0.2882   0.02881   0.02438  0.003326
   109/299     12.3G    0.0356   0.02448  0.003403   0.06348       102       640    0.3218    0.5387    0.4768    0.2889   0.02879   0.02438  0.003325
   110/299     12.3G   0.03561   0.02391  0.003537   0.06305       137       640    0.3215     0.539    0.4767    0.2889   0.02878   0.02438  0.003323
   111/299     12.3G   0.03552   0.02418  0.003406   0.06311       105       640    0.3216    0.5389    0.4762    0.2883   0.02877   0.02437  0.003322
   112/299     12.3G   0.03534   0.02386  0.003485   0.06268       148       640    0.3215    0.5382    0.4762    0.2892   0.02876   0.02437  0.003322
   113/299     12.3G   0.03541   0.02408  0.003462   0.06295        92       640    0.3225    0.5383    0.4769    0.2893   0.02874   0.02436  0.003321
   114/299     12.3G   0.03538   0.02417   0.00346     0.063       105       640     0.325    0.5419    0.4767    0.2889   0.02873   0.02435  0.003321
   115/299     12.3G   0.03535   0.02401  0.003412   0.06278       147       640    0.3246     0.542    0.4771    0.2896   0.02872   0.02435   0.00332
   116/299     12.3G   0.03526   0.02399  0.003378   0.06263       105       640    0.3252    0.5422    0.4777    0.2901   0.02871   0.02434  0.003318
   117/299     12.3G   0.03513   0.02372  0.003403   0.06225       137       640    0.3254    0.5417    0.4775    0.2903    0.0287   0.02434  0.003317
   118/299     12.3G   0.03511   0.02408  0.003355   0.06254        30       640     0.326    0.5417    0.4774    0.2904   0.02869   0.02433  0.003316
   119/299     12.3G   0.03511   0.02386  0.003362   0.06233        62       640    0.3268    0.5417    0.4772    0.2901   0.02868   0.02432  0.003316
   120/299     12.3G   0.03512   0.02404  0.003341    0.0625       144       640    0.3268    0.5416    0.4771    0.2897   0.02867   0.02432  0.003315
   121/299     12.3G   0.03501   0.02357   0.00337   0.06195       107       640     0.328    0.5416    0.4773    0.2897   0.02867   0.02431  0.003313
   122/299     12.3G   0.03482   0.02381  0.003368     0.062        43       640    0.3278    0.5417    0.4777      0.29   0.02866   0.02431   0.00331
   123/299     12.3G   0.03503   0.02401  0.003335   0.06237       164       640    0.3272    0.5412    0.4778    0.2902   0.02864    0.0243  0.003308
   124/299     12.3G   0.03493   0.02358  0.003311   0.06182       166       640    0.3275    0.5413    0.4781    0.2903   0.02863    0.0243  0.003306
   125/299     12.3G   0.03486   0.02397  0.003379   0.06221        97       640    0.3278    0.5413    0.4785    0.2906   0.02862   0.02429  0.003302
   126/299     12.3G   0.03477   0.02349  0.003291   0.06155       140       640    0.3287    0.5417    0.4788    0.2907   0.02862   0.02429    0.0033
   127/299     12.3G   0.03485   0.02351   0.00328   0.06164       100       640    0.3294    0.5423    0.4786     0.291   0.02861   0.02428  0.003297
   128/299     12.3G   0.03471   0.02369   0.00331   0.06171       136       640    0.3292    0.5421    0.4787    0.2914    0.0286   0.02428  0.003295
   129/299     12.3G   0.03487   0.02395  0.003285   0.06211       134       640    0.3292    0.5428    0.4796    0.2919   0.02859   0.02428  0.003294
   130/299     12.3G   0.03468    0.0236  0.003254   0.06153       139       640    0.3301    0.5415      0.48    0.2915   0.02858   0.02427  0.003292
   131/299     12.3G   0.03461   0.02357  0.003239   0.06142       109       640    0.3298    0.5409    0.4802    0.2917   0.02857   0.02426   0.00329
   132/299     12.3G   0.03468   0.02364  0.003308   0.06163       156       640    0.3305    0.5419    0.4803    0.2916   0.02856   0.02426   0.00329
   133/299     12.3G   0.03453   0.02348  0.003249   0.06125       219       640    0.3307    0.5442    0.4809    0.2918   0.02855   0.02425   0.00329
   134/299     12.3G   0.03468    0.0236  0.003247   0.06152        47       640    0.3313     0.545    0.4814    0.2923   0.02855   0.02425   0.00329
   135/299     12.3G   0.03427   0.02335  0.003214   0.06084        65       640    0.3303    0.5441    0.4811    0.2925   0.02854   0.02424  0.003289
   136/299     12.3G   0.03445   0.02356  0.003162   0.06118        52       640    0.3308    0.5439    0.4815    0.2928   0.02853   0.02424  0.003288
   137/299     12.3G   0.03449   0.02346  0.003219   0.06117       104       640    0.3312    0.5447     0.482    0.2928   0.02852   0.02423  0.003287
   138/299     12.3G   0.03446   0.02331  0.003154   0.06092       105       640    0.3304    0.5416    0.4815    0.2938   0.02851   0.02422  0.003287
   139/299     12.3G    0.0344   0.02337  0.003214   0.06098        52       640    0.3299    0.5422    0.4819    0.2937    0.0285   0.02422  0.003285
   140/299     12.3G    0.0344   0.02353  0.003209   0.06113       111       640    0.3326    0.5439    0.4828    0.2942    0.0285   0.02421  0.003285
   141/299     12.3G   0.03431   0.02351  0.003087   0.06091       121       640    0.3335    0.5424    0.4831    0.2945   0.02849   0.02421  0.003284
   142/299     12.3G   0.03437   0.02335  0.003207   0.06093        91       640    0.3334    0.5419    0.4832    0.2941   0.02848    0.0242  0.003283
   143/299     12.3G   0.03419   0.02316  0.003116   0.06047       123       640    0.3347    0.5432     0.483    0.2945   0.02848    0.0242  0.003282
   144/299     12.3G   0.03404   0.02345  0.003066   0.06055        99       640    0.3344    0.5408    0.4837    0.2945   0.02847   0.02419  0.003282
   145/299     12.3G   0.03408   0.02341  0.003035   0.06052       125       640    0.3375    0.5475    0.4843    0.2945   0.02846   0.02419   0.00328
   146/299     12.3G   0.03405    0.0232  0.003129   0.06038       158       640    0.3385    0.5474    0.4839    0.2945   0.02846   0.02419  0.003279
   147/299     12.3G    0.0339   0.02334   0.00301   0.06025       134       640    0.3385    0.5472    0.4838    0.2943   0.02845   0.02418  0.003277
   148/299     12.3G   0.03393   0.02322  0.003049    0.0602       133       640    0.3394    0.5471    0.4838    0.2941   0.02844   0.02417  0.003275
   149/299     12.3G   0.03376   0.02327  0.002932   0.05996       192       640     0.339    0.5459    0.4836    0.2936   0.02843   0.02417  0.003274
   150/299     12.3G   0.03388   0.02336  0.003053    0.0603       172       640     0.339    0.5453    0.4839    0.2942   0.02843   0.02417  0.003274
   151/299     12.3G   0.03373   0.02328  0.003015   0.06002       139       640    0.3392    0.5452    0.4842    0.2939   0.02842   0.02416  0.003273
   152/299     12.3G   0.03392   0.02317  0.003114    0.0602        34       640    0.3388    0.5452    0.4838    0.2941   0.02842   0.02416  0.003273
   153/299     12.3G   0.03389     0.023  0.003007    0.0599        78       640    0.3392    0.5454     0.484    0.2945   0.02841   0.02416  0.003271
   154/299     12.3G   0.03376   0.02304   0.00296   0.05976       114       640    0.3386    0.5443    0.4846    0.2951    0.0284   0.02415   0.00327
   155/299     12.3G   0.03369   0.02299  0.002976   0.05966       143       640    0.3399     0.544    0.4842    0.2953    0.0284   0.02414  0.003269
   156/299     12.3G   0.03365   0.02308  0.003002   0.05973        89       640    0.3409    0.5435    0.4844    0.2957   0.02839   0.02414  0.003269
   157/299     12.3G   0.03358   0.02306  0.002986   0.05963       144       640    0.3415    0.5423    0.4842    0.2958   0.02838   0.02414  0.003269
   158/299     12.3G   0.03345   0.02285  0.002931   0.05923       171       640    0.3413     0.542    0.4843    0.2957   0.02838   0.02414  0.003268
   159/299     12.3G   0.03354   0.02307  0.002931   0.05953       136       640    0.3427    0.5415    0.4843    0.2958   0.02837   0.02413  0.003265
   160/299     12.3G   0.03335   0.02287   0.00287   0.05909        64       640    0.3436    0.5407    0.4842    0.2963   0.02836   0.02413  0.003263
   161/299     12.3G   0.03346   0.02297  0.002954   0.05938       203       640    0.3446    0.5408    0.4848    0.2966   0.02836   0.02412  0.003261
   162/299     12.3G   0.03324   0.02297  0.002823   0.05904       157       640    0.3451    0.5412    0.4855    0.2966   0.02835   0.02411  0.003259
   163/299     12.3G   0.03319   0.02268  0.002865   0.05874        74       640    0.3457    0.5412    0.4851    0.2968   0.02835   0.02412  0.003258
   164/299     12.3G    0.0333   0.02305  0.002891   0.05925       143       640    0.3465    0.5411    0.4852    0.2968   0.02834   0.02411  0.003257
   165/299     12.3G   0.03324     0.023  0.002859    0.0591       118       640    0.3488    0.5404    0.4853    0.2972   0.02833   0.02411  0.003255
   166/299     12.3G    0.0333   0.02252  0.002818   0.05864       171       640    0.3496    0.5397    0.4859    0.2974   0.02833    0.0241  0.003252
   167/299     12.3G   0.03317   0.02271   0.00289   0.05877       179       640    0.3492      0.54    0.4859    0.2978   0.02832    0.0241  0.003251
   168/299     12.3G   0.03321   0.02273  0.002879   0.05882       180       640    0.3496    0.5394    0.4854    0.2981   0.02831   0.02409  0.003248
   169/299     12.3G   0.03317   0.02274  0.002726   0.05864       127       640    0.3497    0.5373    0.4861    0.2985    0.0283   0.02408  0.003245
   170/299     12.3G   0.03318   0.02279  0.002881   0.05886       106       640    0.3502    0.5372    0.4864    0.2989   0.02829   0.02408  0.003243
   171/299     12.3G   0.03312   0.02283  0.002821   0.05877        60       640    0.3515    0.5371    0.4869    0.2996   0.02829   0.02407   0.00324
   172/299     12.3G   0.03288   0.02262   0.00282   0.05832       139       640    0.3515    0.5364    0.4855    0.2993   0.02828   0.02407  0.003237
   173/299     12.3G   0.03286   0.02258  0.002703   0.05814       159       640     0.353    0.5382    0.4871    0.2994   0.02827   0.02406  0.003235
   174/299     12.3G   0.03282   0.02276  0.002785   0.05836       145       640    0.3532    0.5371    0.4874    0.2998   0.02827   0.02405  0.003234
   175/299     12.3G   0.03283   0.02281  0.002756    0.0584        56       640    0.3551    0.5372    0.4876    0.2997   0.02826   0.02405  0.003232
   176/299     12.3G   0.03297   0.02269  0.002824   0.05849        68       640    0.3556    0.5377    0.4878    0.2999   0.02826   0.02405  0.003231
   177/299     12.3G   0.03281   0.02277  0.002739   0.05832        90       640    0.3573    0.5379    0.4889     0.301   0.02825   0.02404  0.003228
   178/299     12.3G   0.03284   0.02268  0.002752   0.05827       160       640    0.3585    0.5384    0.4894     0.301   0.02824   0.02404  0.003225
   179/299     12.3G   0.03262   0.02243  0.002689   0.05774        87       640    0.3599    0.5398    0.4901    0.3015   0.02823   0.02404  0.003222
   180/299     12.3G   0.03249   0.02241  0.002634   0.05753        56       640     0.361    0.5394    0.4901    0.3018   0.02823   0.02403   0.00322
   181/299     12.3G   0.03266   0.02257  0.002718   0.05794        91       640     0.361    0.5382      0.49    0.3017   0.02822   0.02403  0.003217
   182/299     12.3G   0.03246   0.02257  0.002678   0.05771        94       640    0.3621    0.5386    0.4901    0.3018   0.02822   0.02402  0.003214
   183/299     12.3G   0.03247    0.0224  0.002631    0.0575       118       640    0.3636    0.5403    0.4905    0.3021   0.02821   0.02402  0.003213
   184/299     12.3G   0.03278   0.02254  0.002738   0.05805       135       640    0.3643      0.54    0.4908    0.3025    0.0282   0.02402  0.003212
   185/299     12.3G   0.03238    0.0223  0.002716    0.0574        40       640    0.3647    0.5398    0.4903    0.3025    0.0282   0.02401   0.00321
   186/299     12.3G   0.03246   0.02276  0.002638   0.05787       159       640    0.3649     0.538    0.4906    0.3027    0.0282   0.02401   0.00321
   187/299     12.3G   0.03232   0.02224  0.002662   0.05722       107       640    0.3647    0.5357    0.4906    0.3027   0.02819   0.02401  0.003208
   188/299     12.3G   0.03226   0.02238  0.002605   0.05724       219       640     0.366    0.5352    0.4907    0.3029   0.02818   0.02401  0.003207
   189/299     12.3G   0.03217   0.02215  0.002633   0.05695       115       640    0.3664    0.5368    0.4906    0.3031   0.02818   0.02401  0.003206
   190/299     12.3G   0.03212   0.02223  0.002587   0.05694        99       640    0.3669    0.5362    0.4906    0.3031   0.02817   0.02401  0.003203
   191/299     12.3G   0.03212   0.02202  0.002562    0.0567        86       640    0.3668    0.5354    0.4906    0.3033   0.02817     0.024  0.003201
   192/299     12.3G   0.03235   0.02221  0.002562   0.05713       149       640    0.3668     0.535    0.4912     0.304   0.02817     0.024    0.0032
   193/299     12.3G   0.03204   0.02216  0.002571   0.05677       113       640    0.3672    0.5346    0.4915    0.3043   0.02816     0.024  0.003198
   194/299     12.3G   0.03217   0.02215  0.002568   0.05688       148       640    0.3677    0.5348    0.4913    0.3044   0.02816     0.024  0.003197
   195/299     12.3G   0.03195   0.02184  0.002517   0.05631       142       640    0.3686    0.5344    0.4913    0.3045   0.02816     0.024  0.003196
   196/299     12.3G   0.03189   0.02209  0.002536   0.05652        41       640    0.3678    0.5324    0.4912    0.3044   0.02816     0.024  0.003194
   197/299     12.3G   0.03211   0.02194  0.002591   0.05665       139       640    0.3687    0.5325    0.4914    0.3045   0.02815     0.024  0.003192
   198/299     12.3G   0.03185   0.02192  0.002509   0.05628        81       640    0.3693    0.5321    0.4917    0.3043   0.02815     0.024  0.003192
   199/299     12.3G   0.03182   0.02211  0.002544   0.05647        96       640    0.3698    0.5314    0.4921    0.3039   0.02815     0.024  0.003191
   200/299     12.3G   0.03179    0.0218  0.002529   0.05611       142       640    0.3703    0.5315    0.4923     0.304   0.02814   0.02399  0.003189
   201/299     12.3G   0.03194   0.02208  0.002509   0.05653       141       640    0.3708    0.5317    0.4931    0.3048   0.02814   0.02399  0.003186
   202/299     12.3G   0.03184   0.02199  0.002468   0.05629       155       640     0.371    0.5316    0.4929    0.3049   0.02813   0.02399  0.003184
   203/299     12.3G   0.03173   0.02179  0.002405   0.05593       228       640    0.3719    0.5316    0.4929    0.3053   0.02813     0.024  0.003184
   204/299     12.3G   0.03173   0.02186  0.002462   0.05606       140       640    0.3721    0.5314    0.4929    0.3055   0.02813     0.024  0.003183
   205/299     12.3G   0.03163    0.0218  0.002453   0.05588       109       640    0.3726    0.5294    0.4919    0.3049   0.02813     0.024  0.003183
   206/299     12.3G   0.03158    0.0218  0.002443   0.05582        96       640    0.3735    0.5293    0.4921     0.305   0.02813     0.024  0.003182
   207/299     12.3G   0.03142   0.02176  0.002392   0.05558       123       640    0.3737     0.529    0.4923    0.3051   0.02813     0.024  0.003182
   208/299     12.3G   0.03162   0.02171  0.002485   0.05582       152       640    0.3735    0.5288    0.4915    0.3044   0.02813     0.024  0.003181
   209/299     12.3G   0.03142   0.02174  0.002476   0.05563        74       640    0.3747    0.5284    0.4916    0.3043   0.02813   0.02401  0.003181
   210/299     12.3G   0.03144   0.02162  0.002404   0.05547        87       640    0.3741    0.5274    0.4916    0.3043   0.02813     0.024  0.003181
   211/299     12.3G   0.03138   0.02164  0.002353   0.05537        95       640    0.3752    0.5276    0.4917    0.3043   0.02813   0.02401  0.003179
   212/299     12.3G   0.03133   0.02181    0.0024   0.05554        80       640    0.3757    0.5278    0.4916    0.3041   0.02813   0.02401  0.003178
   213/299     12.3G   0.03125   0.02171  0.002376   0.05533       125       640    0.3766    0.5282    0.4919    0.3039   0.02813   0.02401  0.003177
   214/299     12.3G   0.03123    0.0216  0.002345   0.05517       125       640    0.3779    0.5286     0.492    0.3038   0.02813   0.02401  0.003175
   215/299     12.3G   0.03132   0.02191  0.002343   0.05557       172       640    0.3794    0.5287    0.4925    0.3041   0.02812   0.02401  0.003174
   216/299     12.3G   0.03104   0.02168  0.002345   0.05506       110       640    0.3807    0.5291    0.4927    0.3042   0.02812   0.02401  0.003172
   217/299     12.3G   0.03105   0.02151  0.002335   0.05489        86       640    0.3813    0.5309     0.493     0.304   0.02811   0.02401  0.003171
   218/299     12.3G   0.03113   0.02157  0.002302     0.055        56       640    0.3808    0.5308     0.494    0.3042   0.02811   0.02401  0.003169
   219/299     12.3G   0.03108   0.02134  0.002311   0.05473        99       640    0.3822    0.5308    0.4943    0.3043   0.02811   0.02401  0.003168
   220/299     12.3G   0.03103   0.02151  0.002276   0.05482       198       640    0.3825     0.531    0.4942    0.3043   0.02811   0.02401  0.003166
   221/299     12.3G   0.03107   0.02137  0.002257    0.0547       124       640    0.3819    0.5273    0.4931     0.304   0.02811   0.02401  0.003165
   222/299     12.3G    0.0309   0.02123  0.002276   0.05441       134       640    0.3836     0.528    0.4943    0.3046   0.02811   0.02402  0.003164
   223/299     12.3G   0.03092   0.02147  0.002279   0.05467        65       640    0.3851    0.5279    0.4944    0.3053   0.02811   0.02402  0.003162
   224/299     12.3G   0.03096   0.02146  0.002282    0.0547        68       640    0.3857    0.5278    0.4943    0.3054   0.02811   0.02402  0.003161
   225/299     12.3G    0.0307   0.02116  0.002201   0.05406       110       640    0.3866    0.5282    0.4944    0.3049   0.02811   0.02402  0.003158
   226/299     12.3G   0.03077   0.02115  0.002246   0.05417        43       640    0.3891    0.5299    0.4954    0.3054   0.02811   0.02403  0.003156
   227/299     12.3G   0.03075   0.02146  0.002217   0.05443       112       640    0.3893    0.5295    0.4955    0.3055   0.02811   0.02403  0.003155
   228/299     12.3G   0.03058   0.02116  0.002197   0.05394       124       640    0.3897    0.5295    0.4954    0.3052   0.02811   0.02403  0.003154
   229/299     12.3G   0.03074   0.02131  0.002241   0.05429       136       640    0.3903    0.5292    0.4953    0.3051   0.02811   0.02403  0.003153
   230/299     12.3G   0.03062    0.0212  0.002191   0.05401        88       640    0.3917    0.5302    0.4958    0.3056   0.02811   0.02404  0.003152
   231/299     12.3G   0.03041   0.02118  0.002205    0.0538        50       640    0.3917    0.5293    0.4958    0.3058   0.02811   0.02404  0.003151
   232/299     12.3G   0.03063   0.02112  0.002174   0.05392       120       640    0.3925    0.5296    0.4959    0.3055   0.02811   0.02405  0.003148
   233/299     12.3G    0.0304   0.02107  0.002157   0.05362       144       640    0.3932    0.5293    0.4959    0.3056   0.02811   0.02405  0.003148
   234/299     12.3G   0.03045   0.02107  0.002152   0.05367        66       640    0.3926    0.5275    0.4959    0.3059   0.02812   0.02406  0.003147
   235/299     12.3G   0.03045   0.02108  0.002185   0.05372       165       640    0.3936    0.5279    0.4963    0.3065   0.02812   0.02406  0.003146
   236/299     12.3G   0.03049   0.02093  0.002199   0.05362       166       640    0.3946    0.5281    0.4965    0.3067   0.02812   0.02406  0.003146
   237/299     12.3G   0.03042   0.02102  0.002152   0.05358       118       640    0.3964    0.5288    0.4965    0.3064   0.02812   0.02407  0.003146
   238/299     12.3G   0.03054   0.02106  0.002186   0.05378       141       640    0.3978     0.531    0.4965    0.3062   0.02812   0.02407  0.003146
   239/299     12.3G   0.03035    0.0209  0.002172   0.05343       107       640    0.3978    0.5309    0.4959    0.3054   0.02812   0.02407  0.003145
   240/299     12.3G   0.03021   0.02089  0.002105   0.05321       125       640    0.3981    0.5306    0.4964    0.3057   0.02812   0.02408  0.003145
   241/299     12.3G   0.03046   0.02107  0.002131   0.05366       172       640    0.3983    0.5304    0.4967    0.3058   0.02812   0.02408  0.003143
   242/299     12.3G   0.03011   0.02081  0.002108   0.05303       173       640    0.3998    0.5306    0.4966    0.3061   0.02812   0.02408  0.003141
   243/299     12.3G   0.03019    0.0209  0.002088   0.05318        47       640    0.3993    0.5309    0.4969    0.3065   0.02812   0.02409   0.00314
   244/299     12.3G   0.03012   0.02088  0.002084   0.05309       153       640    0.4002    0.5307    0.4971    0.3061   0.02812   0.02409  0.003139
   245/299     12.3G   0.03013   0.02071  0.002091   0.05294       133       640    0.4005    0.5312    0.4976    0.3066   0.02812   0.02409  0.003139
   246/299     12.3G   0.02998   0.02061  0.002094   0.05269        98       640    0.4011    0.5295    0.4979     0.307   0.02812   0.02409  0.003138
   247/299     12.3G   0.03008   0.02098  0.002077   0.05314       103       640    0.4013    0.5293    0.4975    0.3071   0.02812    0.0241  0.003138
   248/299     12.3G   0.03006   0.02091   0.00205   0.05301        94       640    0.4013    0.5288     0.497    0.3066   0.02812    0.0241  0.003137
   249/299     12.3G   0.02999   0.02066   0.00204   0.05268        88       640    0.4024    0.5292    0.4973     0.307   0.02812    0.0241  0.003136
   250/299     12.3G   0.02992   0.02081   0.00206    0.0528       177       640    0.4039    0.5272     0.497    0.3069   0.02812    0.0241  0.003135
   251/299     12.3G   0.02981   0.02076  0.002055   0.05263       130       640    0.4039    0.5264     0.497    0.3068   0.02812   0.02411  0.003135
   252/299     12.3G   0.02994   0.02083  0.002037   0.05281       114       640    0.4043     0.526    0.4971    0.3067   0.02813   0.02411  0.003135
   253/299     12.3G   0.02975   0.02052  0.002015   0.05229       222       640    0.4058    0.5264    0.4972    0.3069   0.02813   0.02411  0.003134
   254/299     12.3G   0.02985   0.02081  0.002003   0.05266       135       640    0.4062    0.5249    0.4974    0.3069   0.02813   0.02412  0.003133
   255/299     12.3G    0.0298   0.02052  0.002006   0.05233       159       640    0.4062    0.5248    0.4977    0.3074   0.02813   0.02412  0.003132
   256/299     12.3G   0.02962   0.02053  0.001993   0.05214       116       640    0.4058    0.5256    0.4978    0.3071   0.02813   0.02413  0.003131
   257/299     12.3G   0.02978   0.02055   0.00199   0.05232        62       640    0.4056    0.5247    0.4977    0.3069   0.02813   0.02413  0.003131
   258/299     12.3G    0.0297   0.02063  0.001983   0.05232       129       640    0.4057    0.5248    0.4978    0.3072   0.02814   0.02413   0.00313
   259/299     12.3G   0.02975   0.02063  0.002005   0.05239        47       640    0.4053    0.5247    0.4981     0.307   0.02814   0.02414  0.003128
   260/299     12.3G   0.02976   0.02059   0.00204   0.05239       210       640     0.405    0.5247    0.4982    0.3074   0.02814   0.02414  0.003127
   261/299     12.3G   0.02969   0.02047  0.002004   0.05216        69       640     0.405    0.5227    0.4984    0.3074   0.02814   0.02415  0.003126
   262/299     12.3G   0.02968   0.02045  0.002009   0.05214       114       640    0.4059    0.5242    0.4988    0.3075   0.02814   0.02416  0.003124
   263/299     12.3G   0.02961   0.02053  0.001993   0.05214       146       640     0.406    0.5247    0.4989    0.3078   0.02814   0.02416  0.003123
   264/299     12.3G   0.02952   0.02028  0.001945   0.05175       136       640    0.4065    0.5253    0.4994    0.3081   0.02815   0.02417  0.003121
   265/299     12.3G   0.02952    0.0201  0.001988   0.05161        49       640    0.4076    0.5267    0.4998    0.3083   0.02815   0.02417   0.00312
   266/299     12.3G   0.02941   0.02038   0.00196   0.05175        57       640     0.406    0.5244    0.4998    0.3081   0.02815   0.02418  0.003118
   267/299     12.3G   0.02947   0.02044  0.001953   0.05186       111       640     0.406    0.5239    0.4994    0.3079   0.02815   0.02418  0.003117
   268/299     12.3G   0.02929   0.02046  0.001912   0.05166       107       640    0.4053    0.5233    0.4995     0.308   0.02815   0.02419  0.003116
   269/299     12.3G   0.02935   0.02031   0.00197   0.05163       150       640     0.406    0.5243    0.4995    0.3081   0.02816    0.0242  0.003115
   270/299     12.3G   0.02949   0.02021  0.001955   0.05166        85       640     0.406    0.5247    0.4995    0.3082   0.02815    0.0242  0.003113
   271/299     12.3G   0.02943   0.02024  0.001912   0.05158        85       640    0.4065    0.5253    0.4996    0.3085   0.02816    0.0242  0.003112
   272/299     12.3G   0.02934    0.0203  0.001921   0.05156       104       640    0.4056    0.5265    0.4995     0.308   0.02816    0.0242  0.003112
   273/299     12.3G    0.0294   0.02047  0.001925    0.0518       127       640    0.4059    0.5268    0.4993    0.3083   0.02816   0.02421  0.003111
   274/299     12.3G   0.02935   0.02045  0.001898   0.05169       156       640    0.4069    0.5267    0.4993    0.3085   0.02816   0.02421   0.00311
   275/299     12.3G   0.02935   0.02028  0.001949   0.05158        63       640    0.4077    0.5271    0.4995    0.3085   0.02816   0.02422  0.003109
   276/299     12.3G   0.02933   0.02027  0.001891   0.05149       137       640    0.4086    0.5266    0.4993    0.3085   0.02816   0.02422  0.003109
   277/299     12.3G   0.02913   0.02011  0.001918   0.05116       164       640    0.4097    0.5266    0.4997    0.3087   0.02817   0.02423  0.003109
   278/299     12.3G   0.02914   0.02033  0.001837   0.05131       173       640      0.41    0.5285    0.5003    0.3089   0.02817   0.02423  0.003108
   279/299     12.3G   0.02923   0.02001  0.001888   0.05113       112       640    0.4108     0.529    0.5003    0.3092   0.02817   0.02424  0.003108
   280/299     12.3G   0.02925    0.0202  0.001887   0.05134        49       640    0.4104    0.5286    0.5002    0.3092   0.02818   0.02425  0.003108
   281/299     12.3G   0.02916   0.02019  0.001878   0.05123       155       640    0.4112    0.5287    0.5001    0.3093   0.02817   0.02425  0.003108
   282/299     12.3G   0.02919   0.02025  0.001891   0.05134        57       640     0.411    0.5284    0.4999    0.3093   0.02817   0.02426  0.003108
   283/299     12.3G   0.02916   0.02008  0.001878   0.05111        78       640    0.4114    0.5284    0.5002    0.3098   0.02817   0.02426  0.003107
   284/299     12.3G     0.029   0.01999  0.001851   0.05085        64       640     0.411    0.5274       0.5      0.31   0.02817   0.02427  0.003106
   285/299     12.3G   0.02902   0.02002  0.001843   0.05088       104       640    0.4105    0.5265    0.4996      0.31   0.02818   0.02428  0.003106
   286/299     12.3G   0.02915   0.02006  0.001855   0.05106       141       640    0.4108    0.5259    0.4993    0.3095   0.02818   0.02428  0.003106
   287/299     12.3G   0.02909    0.0201  0.001895   0.05109        52       640    0.4101    0.5253    0.4994    0.3094   0.02818   0.02429  0.003107
   288/299     12.3G   0.02918    0.0202  0.001874   0.05125       114       640    0.4093    0.5234    0.4996    0.3095   0.02818    0.0243  0.003107
   289/299     12.3G   0.02907   0.02011  0.001844   0.05103       200       640    0.4096    0.5236    0.4999    0.3098   0.02818    0.0243  0.003107
   290/299     12.3G   0.02921   0.02008  0.001858   0.05114        69       640    0.4106    0.5237    0.5003    0.3101   0.02818   0.02431  0.003108
   291/299     12.3G   0.02903   0.02015  0.001848   0.05103       106       640    0.4114    0.5236    0.5002    0.3098   0.02818   0.02432  0.003109
   292/299     12.3G    0.0289   0.01997  0.001847   0.05073       149       640    0.4116    0.5246    0.5008    0.3102   0.02818   0.02432  0.003108
   293/299     12.3G     0.029   0.02001  0.001795    0.0508        71       640    0.4111    0.5245    0.5008    0.3104   0.02819   0.02432  0.003109
   294/299     12.3G   0.02891   0.02002  0.001832   0.05076       202       640    0.4092    0.5232    0.5009    0.3102   0.02819   0.02433  0.003108
   295/299     12.3G   0.02899    0.0199  0.001821   0.05072       111       640    0.4092    0.5231    0.5007    0.3101   0.02819   0.02433  0.003108
   296/299     12.3G   0.02879   0.01989  0.001828   0.05051       134       640    0.4104    0.5249     0.501      0.31   0.02819   0.02434  0.003109
   297/299     12.3G   0.02899   0.02008  0.001844   0.05092       121       640    0.4111    0.5247     0.501    0.3102   0.02819   0.02435  0.003109
   298/299     12.3G   0.02901   0.02002  0.001845   0.05087       122       640    0.4104    0.5247    0.5015    0.3106   0.02818   0.02435  0.003111
   299/299     12.3G   0.02897   0.01983  0.001814   0.05061       172       640      0.41    0.5247    0.5015    0.3104   0.02818   0.02436  0.003111
